--------
# zs selected beta_hat: 117
z selected beta_hat: 
[1, 2, 3, 4, 5, 6, 7, 8, 9, 10, 11, 12, 13, 14, 15, 16, 17, 18, 19, 20, 21, 23, 24, 25, 26, 27, 28, 29, 30, 31, 32, 33, 34, 35, 36, 37, 38, 39, 40, 41, 43, 44, 45, 46, 47, 48, 49, 50, 51, 52, 53, 54, 55, 56, 57, 58, 59, 60, 61, 62, 63, 64, 65, 66, 67, 68, 69, 70, 71, 72, 73, 74, 75, 76, 78, 79, 80, 81, 82, 83, 84, 85, 86, 87, 88, 89, 90, 91, 92, 93, 94, 95, 96, 97, 98, 99, 100, 101, 102, 103, 104, 105, 106, 107, 108, 109, 110, 111, 112, 113, 114, 115, 116, 117, 118, 119, 120]
beta: 
[0.021708607901309882, -0.010055391147117773, 0.009486970910479894, 0.002398204502491522, -0.020677079101051248, 0.012637195238692209, -0.00396921609651717, -0.005916646919535088, -0.029323458130375013, -0.01024627154944984, -0.0048818518601453365, 0.006533470876999164, 0.006103751393227569, -0.014643473832587791, -0.01597161078691811, -0.02568926256235803, 0.0109999198297882, 0.012492929840049597, 0.020229972812186477, 0.01764147631454937, 0.005043536150164624, 6.992888517468838e-9, 0.016705312484970862, -0.04035017312954747, -0.021448158686731784, -0.0010608770252483546, -0.008516958053616946, -0.009065463491616244, 0.005756450236578644, 0.004997854977731794, -0.02163786221521771, 0.005064521208009505, -0.013026463644289108, -0.006722026162853058, -0.01364950846753057, -0.01622068276217403, -0.011608176787638286, 0.01160448572056326, 0.013935647313877787, -0.0036174538568286654, -0.010030626790641942, -6.861882110004414e-9, -0.055121284640156906, -0.008096576463860933, -0.0031903504709494116, 0.006350958018385216, -0.007639450144261897, -0.0024994954034309068, -0.011503761342627095, -0.02666438272657163, 0.01003889911107718, 0.007220558536433424, 0.015376674709587618, 0.01443770595471471, -0.01898407714659054, -0.006844913708415827, -0.025419495909284873, -0.013436562606865663, 0.01303302446846459, -0.019603736082289828, -0.0018285832087006704, 0.021261386854899558, -0.003671105676062106, 0.021258340949025355, -0.011077955599019328, 0.013149765620366885, 0.007840249485288631, -0.015924541905712162, -0.017505487574690767, 0.006675315896465795, 0.0029151917728481584, 0.007345700806348406, 0.03590222016222039, 0.0023367237174790377, 0.00909317370261016, 0.0011879439622411424, 7.135186355413886e-9, 0.032710678280782224, 0.02948221367008766, 0.007906390195412456, -0.017632139700724563, -0.017994601348511982, 0.022597478785545945, 0.014536956465745968, 0.005828385461810168, 0.016709178296787544, 0.008584348821052929, -0.005628890201693975, 0.0015255640578014911, -0.008118772942397974, -0.024924092748051505, -0.002512977100515999, -0.016015463155456454, 0.012985607959645085, -0.0059572169673074715, 0.0023090579273614934, -0.02118680456416562, 0.020611623267969004, 0.01600914238673661, -0.013964389541425672, -0.0020115548212339793, 0.026377139351198266, -0.016912988319086285, 0.01751170999702817, -0.023437496446090552, -0.025897144796569474, -0.002665646175534735, -0.010098420792460046, -0.010404552872807196, -0.03047441619026883, -0.02359645338375189, 0.015600472273156226, 0.017596075452268274, 0.004015715517245924, 0.011943156124063353, 0.022276251594390423, -0.01940437948473058, 0.01405104732552192, -0.013323627356944116, -0.008870861363821442]
--------
--------
# zs selected beta_hat: 112
z selected beta_hat: 
[1, 2, 3, 4, 5, 6, 7, 8, 9, 10, 11, 12, 13, 14, 15, 16, 17, 18, 19, 21, 22, 23, 24, 25, 26, 27, 28, 29, 30, 31, 32, 34, 35, 36, 37, 38, 39, 40, 41, 42, 43, 44, 45, 46, 47, 48, 49, 50, 51, 52, 53, 54, 55, 56, 57, 58, 59, 60, 61, 62, 63, 64, 65, 66, 67, 68, 69, 70, 71, 72, 73, 74, 75, 76, 77, 78, 79, 80, 81, 82, 83, 84, 85, 86, 87, 89, 90, 91, 92, 93, 94, 95, 96, 97, 98, 99, 100, 102, 104, 105, 106, 107, 108, 109, 110, 112, 113, 114, 115, 118, 119, 120]
beta: 
[0.002323869315032983, 0.0033834803377969062, 0.0034746480602639387, -0.011579197351005759, 0.01894564179392543, -0.036098867554404904, 0.004507204754178042, 0.0014883828606877592, 0.009316283460981968, -0.011858348850588141, 0.013062251526266697, -0.03535102942038221, -0.028519920287851296, -0.021426605729528956, -0.010731836227471956, 0.013156144157434574, 0.02330063092632219, -0.006443732626600483, 0.002505626857868456, 7.345178174923152e-9, 0.008815895424640452, -0.025311361396504653, 0.0015073094126997648, -0.027539418569236956, 0.013016074482704823, 0.009495486929480343, 0.00303980853005439, -0.01213504583875803, 0.014282191747989618, 0.009838724250276716, 0.018258996305704576, 0.018536207441421152, 6.182091788968054e-9, 0.01886467209132499, -0.022410246587940472, -0.01306734522953608, -0.017173744595182523, -0.04540276292906104, -0.014606388186597041, -0.0035829337245099546, -0.015693355578721792, 0.025248740194877876, -0.0037081172937377736, -0.016357910090234313, -0.018379634113603462, 0.0090180408917127, 0.010197630574470276, 0.0057136124604927, -0.026297708540347117, -0.005331352534178342, -0.008976753879951628, -0.030809074072564425, 0.010729037373304606, -0.0112112690608091, 0.011286672799895264, -0.019262052011225588, -0.020071879828889246, -0.009033119025795212, 0.01641663713893201, -0.023569763586171338, 0.02368916314984705, 0.011604431918413191, -0.012717891829370899, 0.008997585711223501, -0.025901206595253752, -0.014286661306968259, -0.015885917747433316, -0.03124058338230761, -0.022726968591558577, -0.003968076102043978, -0.0045362939655278585, 0.007255096768874093, 0.00324769631332946, 0.004826016478533432, -0.015387423448168189, 0.019804782501000855, 0.015420515876614185, 0.010108955713763466, -0.0018456705472790897, 0.0016559586035254134, -0.0033330127538234618, -0.0229965409915391, -0.008153485352919793, 0.01150946453016297, -0.02737707055564718, -0.018638721024841626, 0.0184926557610691, 6.137359763246526e-9, 0.016927527648260256, -0.006820529155585026, -0.012651965520086697, -0.015719889918550955, 0.03131164415347394, -0.011325021996426297, -0.008529685910560973, -0.00716263154994203, -0.016614828728565956, -0.00577980214333758, 0.008494754707666745, 0.004761691265930024, -6.624465357494207e-9, 0.005042986588457668, -6.589270196224277e-9, -0.008614601191993306, -0.0034668056287625055, 0.009657651683338968, -0.0190151165282455, -0.010306224307775953, -0.012068723592415887, -0.0197830743950353, 6.573165364146356e-9, 0.006675306650897587, -0.010323925721458469, -0.014860609664863801, 0.008486520839155767, -6.443355426652205e-9, -6.974381788553363e-9, 0.009306615058910084, 0.01741042498552581, -0.029642269104224087]
--------
--------
# zs selected beta_hat: 99
z selected beta_hat: 
[1, 4, 5, 6, 7, 8, 9, 10, 11, 12, 13, 15, 16, 17, 20, 21, 22, 23, 26, 27, 28, 29, 30, 31, 32, 33, 34, 35, 36, 37, 38, 40, 41, 42, 43, 45, 46, 47, 48, 49, 50, 51, 52, 53, 54, 55, 56, 58, 59, 60, 62, 63, 64, 65, 66, 67, 68, 69, 70, 71, 72, 74, 75, 76, 77, 78, 79, 80, 82, 83, 84, 85, 86, 88, 89, 92, 93, 95, 97, 100, 101, 102, 103, 105, 106, 107, 108, 109, 110, 111, 112, 113, 114, 115, 116, 117, 118, 119, 120]
beta: 
[-0.01514877790145437, 3.1757770834892743e-6, -0.0009406386114055692, 0.007278621138496567, 0.0044059847616146515, 0.036955068955874006, 0.029894737621321058, -0.0035999429115831302, 0.03280584447654588, 0.00947001053849761, -0.03040329328737007, -0.021403468569713858, 0.036325456128351315, -2.512570115341783e-6, 0.013177135237433843, 0.015268817273362224, -0.022870471570784468, -2.4238584950305123e-6, 9.117937318246879e-5, -0.018464111507205432, 0.01618839742373623, -0.021530561825422307, -0.03391430503917142, -8.470675565721101e-6, 6.425271745991165e-7, 0.009041420427313675, 0.014187227497621241, 0.017698627089432303, 0.0012881416996811932, -0.033409971886870414, -0.020246049881452795, 0.01665932410394183, -0.03279402572536264, 0.0028887077929256313, -0.023763481478799038, -0.014856094283738701, -0.005840142139100428, -0.007321533440889271, -4.277455564823145e-6, 0.0215581196323122, 0.0038675925205517276, 0.00946062761686197, 0.028490098132380376, 6.607508930994961e-7, 0.0048930338758477665, 0.044339044198220455, 0.017620909444408098, 0.009086995676029455, -0.003857503199836287, -0.019917873698658297, -0.03700271133636723, 0.005671582524890401, 0.01293738757227611, -0.02196754154939199, -0.00431528776864773, 0.0061993990502451175, -4.937680900193001e-7, 0.007724461043438799, 0.01384919712270661, -0.01564083370997812, 0.0004578244527854676, -0.0336563727104703, -0.003262649855212178, -0.0363505873310757, 0.012879037860131268, 0.02312784189534276, 0.022307781657429686, 0.008476579901084963, 0.0014701290169448673, -0.009018541564003663, 0.029087428274656595, 0.022175306353147343, 7.192787546188095e-6, 0.010324641184207319, 0.01562133520720837, -0.05712898633264579, 0.012619646600206041, -0.005832526028208724, -0.013472274136831506, 0.0067907296418149386, 6.0126115268438505e-5, 0.00844234909900554, -0.03195037488305468, 0.010731730364251985, 0.00318258450734483, 0.04156072663837819, 3.5559891741273563e-6, 0.0267905233953387, 0.02745284432184546, 3.616415302989181e-5, 1.589588220199817e-6, 0.016190049649564508, -0.03295647108399844, 1.0602389107062193e-5, 0.00907005253015842, 7.272341297754405e-5, 0.012570771018046874, -6.362370411813061e-6, -4.157266254548763e-6, -0.003153445519274488, 0.004522223755112263, -0.014737181711724312, 0.004861787555986036, -2.467009167279341e-6, -0.008550316306415296, -0.03175015314177987, -0.01385439199024868, -0.06063934977595337, -0.016243932593033496, -0.03296894483129648, 0.009251739823980507, -0.040792834532907093, -0.012243522563926149, -0.023360947723259588, 0.023881579661645242, -0.004410469697130616, -0.03898540558874687, -0.007304571819930851, -0.04307534708386154, -0.018542754650784882]
--------
--------
# zs selected beta_hat: 93
z selected beta_hat: 
[1, 3, 4, 5, 6, 7, 8, 9, 11, 14, 15, 16, 17, 18, 19, 21, 22, 23, 24, 25, 26, 27, 28, 29, 31, 32, 33, 35, 36, 37, 38, 39, 40, 41, 42, 43, 44, 45, 46, 47, 48, 49, 50, 52, 53, 55, 56, 57, 58, 59, 60, 64, 65, 66, 68, 70, 71, 72, 74, 77, 79, 81, 82, 83, 84, 85, 86, 87, 88, 91, 92, 93, 96, 97, 98, 99, 101, 102, 103, 104, 105, 106, 108, 109, 110, 112, 113, 114, 115, 116, 117, 118, 119]
beta: 
[0.02963028781674104, -9.665079758541775e-7, 0.018490065850541536, -0.005185490035551586, 0.010748361186610163, 0.002276495460402143, 0.019242238725707433, -0.019931377369273345, 0.010145561146104385, -1.3053945511559573e-6, 0.0279713288883062, -1.7429233295286446e-6, 9.253850517447995e-7, 0.014702072417222153, -0.01320692278986942, -0.0033288870973253414, 0.007878100159351687, -0.005011270740388864, -0.09070779412870897, 0.0008470676421867276, -0.004687802338405833, -0.030912415027868307, 0.01893783451560833, 0.010677564004431766, 0.002725224263209322, -0.004621126475070081, -0.0016024517651285538, -0.00308940777945652, -0.011106025508131988, 5.10188380625812e-7, 0.03760387330645378, -0.00785540293278607, 0.03354856011664979, 4.673894645700201e-7, 0.014961781344207576, 0.009835265742782094, 0.021755832653846882, -0.0028762160465121206, 0.026849639594060115, -0.017282709131829176, -0.005699800894990673, -0.04772846347048165, -0.027361550499772572, -0.023714007065521684, 0.011232559535760604, 0.006918617382264118, -0.0064554045412847415, 0.02249804313801957, -0.008815680272666522, -0.028606899848937817, -1.5367535168295068e-6, 0.019810015696567394, -0.023624554122538503, -3.937708991997915e-7, 0.008022243401247063, -0.014201706546316415, 0.008843834608389455, 0.048881370646938836, -0.01390938943615747, 0.025295936474737945, -5.09280223287087e-7, -0.0008654031155415714, 8.899341591398267e-7, -0.0020874670866978546, -0.006293698535977459, -0.003452738631338813, 3.631090388582994e-7, 0.02079199339143276, -3.1594528103538147e-7, 0.01118110038498245, -0.013170598447462841, 0.01517120552597002, 2.373118351920786e-8, 0.024317247730024975, -4.6278707026124385e-7, -9.67358800566016e-7, 0.0027926093865828974, -1.0224664802590001e-6, 0.022874141045766863, -3.508997322271935e-7, -0.05216509614014432, 0.014556397289139647, -0.033793645465077626, -0.017535783774157716, 0.03164404477233206, 0.03567012117160206, -0.006168217578836419, 0.004899803651379523, -0.00041090004829241744, 1.460400138022749e-6, 0.019379800368063155, -0.05137936341865071, -0.001639590589474792, -9.312070236217117e-7, -1.990077529337981e-7, 0.04330619188670688, 0.016549748306644452, 0.01448271938578298, 0.016235350163149663, 4.208474469088098e-8, 0.015431951035585933, 0.038171622449801886, -0.01347380353796871, -0.03486246614025741, -0.003746806569409123, 0.00868699664511912, 1.8638197523430353e-6, 0.015841777806788422, 0.010410287805534588, -0.03388904267432844, 4.7137209658949125e-7, 0.019636220621730174, 0.01439819838767433, -0.032912269947230434, 0.040343950116371013, 0.02734176033778191, 0.019299051543499517, -0.015168753194085624, -0.033293045612321215, 9.656768403259175e-7]
--------
--------
# zs selected beta_hat: 111
z selected beta_hat: 
[1, 2, 3, 4, 5, 6, 7, 8, 9, 11, 12, 13, 14, 15, 16, 17, 18, 19, 20, 21, 22, 23, 24, 25, 26, 27, 28, 29, 30, 31, 32, 33, 35, 36, 38, 39, 40, 41, 42, 43, 44, 45, 46, 47, 48, 49, 50, 51, 52, 53, 54, 55, 56, 57, 59, 60, 61, 62, 63, 64, 65, 66, 67, 68, 69, 70, 71, 72, 73, 74, 75, 76, 77, 78, 79, 80, 81, 82, 83, 84, 86, 87, 88, 89, 91, 92, 93, 94, 97, 98, 99, 101, 102, 103, 104, 105, 106, 107, 108, 109, 110, 111, 112, 113, 114, 115, 116, 117, 118, 119, 120]
beta: 
[0.02549104601583075, -0.0197778802180736, 0.012371135423024596, -0.02258357034670183, 0.012958035230998007, -0.0124113613350493, 0.008185826217990964, 0.0069961299845990674, 0.004416614436434693, -2.2845661339376538e-5, -0.0014027516512770404, -0.003933055226859486, -0.009416443069553785, -0.015730207716605646, 0.01450233478147074, -0.016619019909526026, -0.02736222675086191, -0.015764266418272617, 0.027560427720642197, 0.009894953862954225, 0.0012584326750056409, -0.004082833576058589, 0.012690805349258427, 0.005612075744313072, -0.005279704807196815, 0.0012585775780723364, -0.024276523146205986, -0.010204651100954093, 0.0017415415611264577, 0.014296523464784014, 0.008547577591647187, 0.008862754363237024, -0.018500954074796325, -1.7201259570933375e-5, -0.027330468041654697, -0.013383112967957106, -8.467350244273981e-6, -0.019392526815672436, 0.010826090445030611, 0.008310676099878138, 0.024909047965469062, 0.014816904690494166, -0.02111879903537808, -0.0032237526384832557, 0.00659788689613094, -0.030527756753376965, 0.016382878666846706, -0.007581632800537675, 0.02244404789724275, -0.027906539862163994, 0.010885513198784624, 0.00762392779062301, -0.022403757040425062, -0.007761620308391406, 0.040988174611421575, -0.022515265233160147, -0.016792137301386078, -2.3610879432901985e-5, 0.021592414934745056, 0.004498393272938716, -0.016605400639226598, -0.011224762448046708, -0.006244427746244128, 0.04186785959646749, 0.013332636249467778, -0.012669462716105282, 0.002028190622968117, 0.0025009079047784827, -0.004189941116016107, 0.007771788306892173, -0.007439968249366848, 0.029228933915657947, 0.01940307990654153, 0.01889589746394002, -0.0014071730153512867, -0.0026104836982434277, 0.020881156330340093, -0.002588383960340722, 0.03907363631882367, -0.00760700583430901, -0.015395113439442209, 0.018070549797445747, 0.02119758790910654, -0.009874847337443475, 3.1672735267678825e-5, 0.007445877174210055, 0.03287333760901429, -0.002687073566758468, 0.01497315592120362, 7.82157791720936e-6, -0.006649702887097718, -0.004160345633389414, -0.02291983151968029, 0.006996110779441448, -1.2092957879192693e-5, 9.705666610392163e-6, -0.006911122520307106, 0.003738227120769132, 0.0013059692346903359, -1.3832588266539668e-5, 0.020256667640142383, -0.008682068179125837, -0.0015479072834192896, -0.00901232213722932, -0.02175560324842012, 0.0112439277550101, 0.010988992201322448, 0.013670678570770717, -0.021642459379041558, -0.003722399722192275, -0.007130681680121392, 0.005347051325236149, -0.020303925549285638, 0.036955972579057556, -0.01865286272136712, -0.018614378867591774, -0.03725253538102912, -0.016223558981333493, -0.018953176491661915, -0.018154491611835497]
--------
