--------
# zs selected beta_hat: 114
z selected beta_hat: 
[1, 2, 3, 4, 5, 6, 7, 8, 9, 10, 11, 12, 13, 15, 16, 17, 19, 20, 21, 22, 23, 25, 26, 27, 28, 29, 30, 31, 32, 33, 34, 35, 36, 37, 38, 40, 41, 42, 43, 44, 45, 46, 47, 48, 49, 50, 51, 52, 53, 54, 55, 56, 57, 58, 59, 60, 61, 62, 63, 64, 65, 66, 67, 68, 69, 70, 71, 72, 73, 74, 75, 76, 77, 78, 79, 80, 81, 82, 83, 84, 85, 86, 88, 89, 90, 91, 92, 93, 94, 95, 96, 97, 98, 100, 101, 102, 103, 104, 105, 106, 107, 108, 109, 110, 111, 112, 113, 114, 115, 116, 117, 118, 119, 120]
beta: 
[-0.014942573832583319, -0.0037543973941683534, -0.005859822448552927, 0.008054508408912812, 0.005897107951273405, 0.02716988488388522, 0.021961492260859448, -0.007159925408010939, 0.023712339424701672, 0.009283131499055507, -0.024319622120111607, -0.01895805036776941, 0.026040760881366264, 1.149787397717876e-5, 0.011426332028108716, 0.012880862405870195, -0.019252095059804776, 1.288816858116641e-5, -0.004515846672431489, -0.017086835996149404, 0.013641731847926953, -0.01851777554801109, -0.026671271731809876, 8.457840319245842e-6, -0.003586218968143183, 0.009141152282826385, 0.011881188070551047, 0.014329302390532305, 0.004365279800180487, -0.025717177545579513, -0.014872207143399591, 0.013313214561411707, -0.0233815679130179, 0.004124984488074271, -0.020686723164782383, -0.014835999583022175, -0.006261080179780634, -0.010688105028280803, -0.0009929631190090846, 0.016558020734948904, 0.006821192198384302, 0.008842810665201005, 0.020413711793942833, 0.0035301185901463784, 0.007400099570137127, 0.031016335360556438, 0.016353167547444567, 0.008310406758099001, -0.008658571068995672, -0.017967512830555372, -0.029162422296170755, 0.007131183760093049, 0.01147980417295779, -0.01947270200062022, -0.006695401361740968, 0.007275422729676575, 0.0026300545968258055, 0.007314780560400996, 0.011354419961565812, -0.014929945629562475, 0.005008080166793, -0.024399712106631586, -0.006274869089218654, -0.027080546697825492, 0.012582616884559885, 0.0195424961240917, 0.018657606220002915, 0.009528823136113982, 0.005680972918555829, -0.009667036345046065, 0.022304723598223622, 0.01814475530573875, -0.0027284736586881374, 0.010688282925743342, 0.015016969927647726, -0.04031381514946757, 0.013166035738341053, -0.00728612039350737, -0.012243627859816784, 0.008888649642643794, -0.004416043741993295, 0.009835731250846356, -0.024728297163928274, 0.011460010173506834, 0.007010449163429208, 0.030362999618218377, -9.915278665540939e-6, 0.020524564131251484, 0.021798051502942804, -0.0036491666865747707, 0.00309510506263002, 0.014761243531704252, -0.024759030829944576, 0.001642622239426846, 0.009745361090290674, -0.004167339638921252, 0.011650269341207704, 0.00314616262342641, 5.504120752081853e-6, -0.006933081369879081, 0.007226030028912328, -0.01435917247829281, 0.0074689098314407835, -0.001961968587393893, -0.009549322131774682, -0.02464397806569976, -0.012950809173839834, -0.0422523780999723, -0.0143438045522732, -0.025216870965858413, 0.009088328053076349, -0.029208334567790067, -0.011697502212905374, -0.018677059709096146, 0.019340401000608968, -0.006805282115558428, -0.028993125821354528, -0.009187524159611994, -0.031118681112509764, -0.01589438069757391]
--------
--------
# zs selected beta_hat: 94
z selected beta_hat: 
[1, 4, 5, 6, 7, 8, 9, 11, 12, 13, 14, 16, 17, 18, 20, 21, 22, 23, 24, 27, 29, 30, 31, 32, 34, 35, 37, 38, 39, 41, 42, 43, 44, 45, 46, 48, 49, 50, 51, 52, 53, 54, 55, 56, 57, 58, 59, 60, 62, 64, 65, 66, 68, 69, 70, 72, 73, 76, 77, 78, 79, 80, 81, 82, 84, 85, 86, 88, 89, 90, 91, 94, 95, 96, 97, 98, 99, 100, 101, 102, 103, 104, 105, 106, 107, 108, 109, 110, 111, 113, 114, 115, 117, 118]
beta: 
[-0.011225605842997624, -7.153683030389713e-7, -1.75805073124652e-7, -0.006569793850709971, 0.015400420583070572, 0.025968974582496095, 0.029367579445491006, -0.007749025176845824, -0.0015071712017693324, 1.1120238490371076e-6, 0.040040710828591494, -0.024179508173094888, 0.02502159667238981, 0.019013744819019233, -9.340186725165334e-8, -0.02582836090734336, 0.05121763836114117, -0.022453704521852042, 2.159346698426523e-7, -0.0051276789786992615, -0.020070219321371197, 0.00731746966688401, -0.004045793316104703, 0.013573109625750207, 8.990998703334389e-7, -6.87427122596438e-7, -0.007879981959184407, -5.747016033950126e-6, -0.005983238153565057, 0.031563982576862146, -0.014909777328005256, 0.01107940119761614, -9.636513347448522e-7, 0.005378307924787967, -0.0021175369000957433, 5.967245535605729e-6, 0.0010491031525022448, 0.059699186020715306, 0.02457717713524655, 4.949582607035325e-7, 0.005331439943260134, 0.005979583569183502, -0.0015071658344674793, 0.022044236064566583, 0.008316936478137452, -0.013325922595000234, 9.069649207053114e-8, 0.006948525507660154, -0.06004903436343151, 0.006347904854207792, -0.008854822955970749, -0.03445806452410962, -0.002178661612371713, 0.047989934558527514, -0.005896437911944079, -0.008008385239722481, 0.0022266523952173814, -0.015480671414857535, 0.014994484796019452, 0.008988113270507782, 2.6191707834953846e-7, -0.04852395306336829, -4.3550028091945604e-8, 0.0033307823361300817, 0.0011959677302273105, 0.03754265192373511, -9.78121809621732e-7, 0.002801051960816249, 0.005049472666922687, 0.003283194799325796, -7.227404127486716e-8, -0.002282466800999066, 0.030671321897510522, -4.0433014529208837e-7, -2.8329914739879204e-7, -0.004614662729503595, 0.004280274697329228, -0.00329140496469388, 0.017517785090896413, -0.011306399204255099, 0.0034536421238032552, -0.0020807623261999975, -5.586154329674851e-6, -0.020069024084106428, -0.03000545130068851, 0.024272803106330756, -9.778319038511417e-7, -0.018046170945092806, 0.0462741446831045, 0.044239491720122696, 0.03876657632776367, -8.324409727849081e-7, -6.460433372346002e-8, -0.037898581869620716, -0.012963394079477145, 0.015675328561738217, -0.05645286630207627, -0.02317509699488815, 0.029842849713544988, 0.020649625591546088, -0.0037710132905745377, -0.005662010643285286, 0.029658388370126253, -0.009594601853678759, 0.002234246623705454, 0.01751239796155185, 0.01552487941706355, 0.00952371268670268, -0.013775703873230434, -0.0369442206618844, 0.010844726663597863, 1.135197007352048e-6, 0.017057256294847535, 0.0034170897221854246, -0.03093953469359473, -1.9531841412195208e-8, 0.03609788058837368, -0.01834997658903929, -1.2526734212454616e-6, 9.68987321824175e-7]
--------
--------
# zs selected beta_hat: 94
z selected beta_hat: 
[1, 4, 5, 6, 7, 8, 9, 11, 12, 13, 14, 16, 17, 18, 20, 21, 22, 23, 24, 27, 29, 30, 31, 32, 34, 35, 37, 38, 39, 41, 42, 43, 44, 45, 46, 48, 49, 50, 51, 52, 53, 54, 55, 56, 57, 58, 59, 60, 62, 64, 65, 66, 68, 69, 70, 72, 73, 76, 77, 78, 79, 80, 81, 82, 84, 85, 86, 88, 89, 90, 91, 94, 95, 96, 97, 98, 99, 100, 101, 102, 103, 104, 105, 106, 107, 108, 109, 110, 111, 113, 114, 115, 117, 118]
beta: 
[-0.011225605842997624, -7.153683030389713e-7, -1.75805073124652e-7, -0.006569793850709971, 0.015400420583070572, 0.025968974582496095, 0.029367579445491006, -0.007749025176845824, -0.0015071712017693324, 1.1120238490371076e-6, 0.040040710828591494, -0.024179508173094888, 0.02502159667238981, 0.019013744819019233, -9.340186725165334e-8, -0.02582836090734336, 0.05121763836114117, -0.022453704521852042, 2.159346698426523e-7, -0.0051276789786992615, -0.020070219321371197, 0.00731746966688401, -0.004045793316104703, 0.013573109625750207, 8.990998703334389e-7, -6.87427122596438e-7, -0.007879981959184407, -5.747016033950126e-6, -0.005983238153565057, 0.031563982576862146, -0.014909777328005256, 0.01107940119761614, -9.636513347448522e-7, 0.005378307924787967, -0.0021175369000957433, 5.967245535605729e-6, 0.0010491031525022448, 0.059699186020715306, 0.02457717713524655, 4.949582607035325e-7, 0.005331439943260134, 0.005979583569183502, -0.0015071658344674793, 0.022044236064566583, 0.008316936478137452, -0.013325922595000234, 9.069649207053114e-8, 0.006948525507660154, -0.06004903436343151, 0.006347904854207792, -0.008854822955970749, -0.03445806452410962, -0.002178661612371713, 0.047989934558527514, -0.005896437911944079, -0.008008385239722481, 0.0022266523952173814, -0.015480671414857535, 0.014994484796019452, 0.008988113270507782, 2.6191707834953846e-7, -0.04852395306336829, -4.3550028091945604e-8, 0.0033307823361300817, 0.0011959677302273105, 0.03754265192373511, -9.78121809621732e-7, 0.002801051960816249, 0.005049472666922687, 0.003283194799325796, -7.227404127486716e-8, -0.002282466800999066, 0.030671321897510522, -4.0433014529208837e-7, -2.8329914739879204e-7, -0.004614662729503595, 0.004280274697329228, -0.00329140496469388, 0.017517785090896413, -0.011306399204255099, 0.0034536421238032552, -0.0020807623261999975, -5.586154329674851e-6, -0.020069024084106428, -0.03000545130068851, 0.024272803106330756, -9.778319038511417e-7, -0.018046170945092806, 0.0462741446831045, 0.044239491720122696, 0.03876657632776367, -8.324409727849081e-7, -6.460433372346002e-8, -0.037898581869620716, -0.012963394079477145, 0.015675328561738217, -0.05645286630207627, -0.02317509699488815, 0.029842849713544988, 0.020649625591546088, -0.0037710132905745377, -0.005662010643285286, 0.029658388370126253, -0.009594601853678759, 0.002234246623705454, 0.01751239796155185, 0.01552487941706355, 0.00952371268670268, -0.013775703873230434, -0.0369442206618844, 0.010844726663597863, 1.135197007352048e-6, 0.017057256294847535, 0.0034170897221854246, -0.03093953469359473, -1.9531841412195208e-8, 0.03609788058837368, -0.01834997658903929, -1.2526734212454616e-6, 9.68987321824175e-7]
--------
--------
# zs selected beta_hat: 94
z selected beta_hat: 
[1, 4, 5, 6, 7, 8, 9, 11, 12, 13, 14, 16, 17, 18, 20, 21, 22, 23, 24, 27, 29, 30, 31, 32, 34, 35, 37, 38, 39, 41, 42, 43, 44, 45, 46, 48, 49, 50, 51, 52, 53, 54, 55, 56, 57, 58, 59, 60, 62, 64, 65, 66, 68, 69, 70, 72, 73, 76, 77, 78, 79, 80, 81, 82, 84, 85, 86, 88, 89, 90, 91, 94, 95, 96, 97, 98, 99, 100, 101, 102, 103, 104, 105, 106, 107, 108, 109, 110, 111, 113, 114, 115, 117, 118]
beta: 
[-0.011225605842997624, -7.153683030389713e-7, -1.75805073124652e-7, -0.006569793850709971, 0.015400420583070572, 0.025968974582496095, 0.029367579445491006, -0.007749025176845824, -0.0015071712017693324, 1.1120238490371076e-6, 0.040040710828591494, -0.024179508173094888, 0.02502159667238981, 0.019013744819019233, -9.340186725165334e-8, -0.02582836090734336, 0.05121763836114117, -0.022453704521852042, 2.159346698426523e-7, -0.0051276789786992615, -0.020070219321371197, 0.00731746966688401, -0.004045793316104703, 0.013573109625750207, 8.990998703334389e-7, -6.87427122596438e-7, -0.007879981959184407, -5.747016033950126e-6, -0.005983238153565057, 0.031563982576862146, -0.014909777328005256, 0.01107940119761614, -9.636513347448522e-7, 0.005378307924787967, -0.0021175369000957433, 5.967245535605729e-6, 0.0010491031525022448, 0.059699186020715306, 0.02457717713524655, 4.949582607035325e-7, 0.005331439943260134, 0.005979583569183502, -0.0015071658344674793, 0.022044236064566583, 0.008316936478137452, -0.013325922595000234, 9.069649207053114e-8, 0.006948525507660154, -0.06004903436343151, 0.006347904854207792, -0.008854822955970749, -0.03445806452410962, -0.002178661612371713, 0.047989934558527514, -0.005896437911944079, -0.008008385239722481, 0.0022266523952173814, -0.015480671414857535, 0.014994484796019452, 0.008988113270507782, 2.6191707834953846e-7, -0.04852395306336829, -4.3550028091945604e-8, 0.0033307823361300817, 0.0011959677302273105, 0.03754265192373511, -9.78121809621732e-7, 0.002801051960816249, 0.005049472666922687, 0.003283194799325796, -7.227404127486716e-8, -0.002282466800999066, 0.030671321897510522, -4.0433014529208837e-7, -2.8329914739879204e-7, -0.004614662729503595, 0.004280274697329228, -0.00329140496469388, 0.017517785090896413, -0.011306399204255099, 0.0034536421238032552, -0.0020807623261999975, -5.586154329674851e-6, -0.020069024084106428, -0.03000545130068851, 0.024272803106330756, -9.778319038511417e-7, -0.018046170945092806, 0.0462741446831045, 0.044239491720122696, 0.03876657632776367, -8.324409727849081e-7, -6.460433372346002e-8, -0.037898581869620716, -0.012963394079477145, 0.015675328561738217, -0.05645286630207627, -0.02317509699488815, 0.029842849713544988, 0.020649625591546088, -0.0037710132905745377, -0.005662010643285286, 0.029658388370126253, -0.009594601853678759, 0.002234246623705454, 0.01751239796155185, 0.01552487941706355, 0.00952371268670268, -0.013775703873230434, -0.0369442206618844, 0.010844726663597863, 1.135197007352048e-6, 0.017057256294847535, 0.0034170897221854246, -0.03093953469359473, -1.9531841412195208e-8, 0.03609788058837368, -0.01834997658903929, -1.2526734212454616e-6, 9.68987321824175e-7]
--------
--------
# zs selected beta_hat: 115
z selected beta_hat: 
[1, 2, 3, 4, 5, 6, 8, 9, 10, 11, 12, 13, 14, 15, 16, 17, 18, 19, 20, 21, 22, 23, 24, 25, 26, 27, 28, 29, 30, 31, 32, 33, 35, 36, 37, 38, 39, 40, 41, 42, 43, 44, 45, 46, 47, 48, 49, 50, 51, 53, 54, 55, 56, 57, 58, 59, 60, 61, 62, 63, 64, 65, 66, 67, 68, 69, 70, 71, 72, 73, 74, 75, 77, 78, 79, 80, 81, 82, 83, 84, 85, 86, 87, 88, 89, 90, 91, 92, 93, 94, 95, 96, 98, 99, 100, 101, 102, 103, 104, 105, 106, 107, 108, 109, 110, 111, 112, 113, 114, 115, 116, 117, 118, 119, 120]
beta: 
[0.02283713465792485, -0.05100472091251534, 0.03879519279713692, -0.014957340974705422, -0.0022193870518365023, -0.028421840244679454, -2.055591096466187e-5, -0.002129568729796721, 0.02366087693153886, 0.01739285303455025, 0.023031488463910923, -0.008204443096812206, -0.006203128099331889, 0.0013085786003291017, -0.014847085830722157, -0.03198889283269186, 0.009038970762377545, -0.012126780377264, -0.02283889860065275, -0.008038645680189197, -0.012025146216923565, -0.0023609325009736936, -0.015143310550073176, 0.0065612394489078804, -0.008412425853428796, 0.026104408035268496, 0.006230813302597404, -0.012020979502620682, 0.012391277752248178, 0.012169027380359847, -0.028934953905458357, 0.01379115899334277, 0.013632416462548013, 4.637366651916128e-5, 0.015139956854710784, 0.00805183291828084, 0.023045658512295727, -0.020946854722665848, -0.003019623668719717, 0.017852872708262187, -0.029389517901405517, 0.01780508787199731, 0.006011409607325513, -0.019163891141364655, 0.02532038182472519, -0.01944816849405703, -0.011854810119806285, -0.004263598352383788, 0.025285314139248123, 0.004203016707177933, -0.01155214609334003, 7.178158039672514e-5, -0.011756425615486588, -0.020247053698782755, 0.0058507027270915555, 0.027671566195387676, -0.003729232151060871, -0.009655961375097078, -0.01887235535721859, 0.010127059193397783, 0.00753464063121752, -0.01776438111914838, -0.00486160896847561, 0.02819872983304539, -0.01221513478008628, 0.0072574919912219505, 0.027158383661505348, 0.003445122139828257, -0.01784229105475624, 0.021968963517706597, -0.017746687540302113, 0.00903224023589461, -0.021117774785626743, 0.009053677220415217, -0.01959505856453076, -6.183273855250026e-6, -0.02294354086558614, -0.00509323762382274, -0.006860727838240317, -0.005559690731613778, 0.0258714882123915, 0.026128858950540044, 0.0333094518788986, -0.013108095306566137, -0.008785082673318343, 0.0022276244710568278, -0.0032209090051038636, 0.024692557115096065, 0.039243434360991855, 0.011009111497389638, 0.013031158884523053, 0.030913821801660777, 0.003170960802592084, -0.030609773888425566, 0.020127356068736748, 0.011495476870099669, -6.99526592205054e-6, 0.020190177901899458, 0.03177408233305246, 0.003357021045201704, -0.022876074552070844, 0.025078071408974206, 0.007512645581210504, 0.03159953777153854, 0.03319324978632383, -0.010598645124274688, 0.0019845642721529467, -0.01488855594107218, -0.005509066441484939, -0.0261933868877987, -0.006014819016472501, 0.026095086770959324, 0.0163166825615624, -0.0017946072529604923, 0.008852634453296001, 0.006027277540349069, -0.014527061809818897, -0.008573741671266403, -0.01747076898342576, -0.008598884251787372]
--------
