--------
# zs selected beta_hat: 112
z selected beta_hat: 
[1, 2, 3, 4, 5, 6, 7, 8, 9, 10, 11, 12, 13, 14, 15, 17, 18, 19, 20, 21, 22, 23, 24, 25, 26, 27, 28, 29, 30, 31, 32, 33, 34, 35, 36, 37, 38, 39, 41, 42, 43, 44, 45, 46, 47, 48, 49, 50, 51, 52, 53, 54, 55, 56, 58, 59, 61, 63, 64, 65, 66, 67, 68, 69, 70, 72, 73, 74, 75, 76, 77, 78, 79, 80, 81, 82, 83, 84, 85, 86, 87, 88, 89, 90, 91, 92, 93, 94, 95, 96, 97, 98, 99, 101, 102, 103, 105, 106, 107, 108, 109, 110, 111, 112, 113, 114, 115, 116, 117, 118, 119, 120]
beta: 
[0.014347306830285312, -0.006419782046008159, -0.004977271155754122, -0.025016587030587636, -0.00849075510343633, 0.013889032890961002, -0.008131644622199239, 0.012480901533319325, 0.024328942448459286, 0.023298356498488774, 0.004517474083227993, -0.02059530330790891, 0.004199904131347984, 0.01141723408366724, -0.005458177440822117, 7.929501370648032e-5, 0.009099208253802173, -0.0012834595652245321, 0.025926136730042973, 0.00910198381773832, 0.0019188739055864242, 0.012561737713098662, 0.02318521038454265, 0.004079906218744842, 0.006341667522198431, 0.027350535421741397, 0.004366238660122418, 0.010973883314449756, -0.034029288074964345, 0.008015318523414937, -0.008977985677074099, 0.016355053705920643, -0.016360484036155597, 0.014929494844276232, -0.005216733379425339, 0.002831672484147186, 0.006440012331332106, -0.025148058504902836, 0.01985835513680084, 5.719486320249343e-5, 0.0026824357844689338, 0.040167375831698944, 0.0020882368800789943, -0.0163606379425231, 0.035696123135905575, 0.0025412379109197793, -0.01869501633826321, 0.03118144103366189, 0.011637340792008661, -0.017808169627966792, 0.013887983664854631, 0.00828884422455442, 0.0062307357929476245, -0.005678915656820224, -0.0029279351976208225, 0.03057172019815997, 1.853191585141289e-5, -0.008812553833237476, -0.011023689349307603, -3.62291774617152e-5, -0.03819909847570127, 6.67415637767347e-5, -0.0020852331760621663, -0.010771719951065248, -0.03391646738440657, -0.01844562241133413, -0.013273824635474534, -0.002027413189557921, -0.02687680224464032, -0.010621839248432066, 4.2841395021410586e-5, 0.005787657935355265, 0.0104211250539859, -0.01266640110900251, 0.02216428994792307, -0.019882168584869568, -0.041314621528887575, 0.007519449120188563, -0.007787703373016207, -0.002267014443931515, 0.01969809827428149, -0.004957891961392496, 0.009267169666304245, 0.036349685240853746, 0.005949235255956729, -0.015955049802453942, 0.048004746556875394, 0.015239276703274416, 0.029872080997542173, -0.011150424625805348, 0.0025328096361812913, 0.0036689953076632542, 0.036677503509124146, 0.014147605067869946, 0.01223846827799502, 0.009001547399788987, 0.0153701233825956, 0.006440826853092199, -0.008428280694423163, -6.547215998869072e-5, -0.010876881836950346, -0.02460811536713329, 0.004402553023684686, 3.848021282072884e-5, -0.009620620380356307, -0.02764342497976326, -0.017795132520364132, 0.012446251094054412, -0.015907216052107046, -0.0019750631774640708, -0.013928831453372427, 0.019667836307578658, -0.001991382240554146, -0.009508838196546288, -0.009616730708398769, -0.010243935154700522, 0.0018457924843116914, 0.030366138673667612, -0.022114834622686708, -0.013500769445737094]
--------
--------
# zs selected beta_hat: 107
z selected beta_hat: 
[1, 2, 3, 5, 6, 7, 8, 9, 10, 11, 12, 13, 14, 15, 16, 17, 18, 19, 20, 22, 23, 24, 25, 26, 27, 28, 30, 31, 32, 33, 34, 36, 37, 39, 40, 41, 42, 43, 45, 46, 47, 48, 49, 50, 51, 52, 53, 54, 55, 56, 57, 58, 59, 60, 62, 63, 64, 65, 66, 67, 68, 69, 70, 71, 72, 73, 75, 77, 78, 79, 80, 81, 82, 83, 84, 85, 86, 87, 88, 90, 91, 92, 93, 94, 95, 97, 98, 99, 100, 102, 103, 104, 105, 106, 108, 109, 110, 111, 112, 113, 114, 115, 116, 117, 118, 119, 120]
beta: 
[0.018877990353612973, -0.013893474435613703, 0.0027369915707321597, -6.853903383996974e-5, -0.023375868248726357, 0.005282857158323478, -0.006795887427312617, -0.008556807903037185, -0.029758806306439914, -0.014861904173947154, -0.008728827964209101, 0.002475827726050128, 0.0013330420070358127, -0.01069938918188543, -0.019026235066571286, -0.03256743145648849, 0.0021190355874469245, 0.010495409732955154, 0.012670497752989689, 0.011023477756794325, -0.00010847380067346496, -0.0022986614349925377, 0.005480278344405887, -0.044816906881239786, -0.027610769782990124, -0.008025446664016174, -0.0067655420273992194, -0.011309843723446332, 0.0008327160561914735, 0.0014212814893849177, -0.03711488620041552, 0.011204041392210252, -0.025522507662414796, -0.01786482474852662, -0.0008829286888289457, -0.027848408543336332, -0.00368383009327773, 0.0007823796757458765, 0.0042654919826587276, -0.015571040727868236, -0.007705970187958312, -0.00397813603938165, -0.050210934371167054, 0.0003997824509242427, -0.011344694054627125, 0.0023345969707769367, -0.00328603716917868, -0.012115222252050053, -0.01120636399752056, -0.019911138820034525, 0.00568390719061443, 0.0013833519381184804, 0.016439912756097592, 0.018444863600107404, -0.017412072561428606, -0.011174439579241592, -0.019480709168865105, -0.008316366311396829, 0.02055151784297003, -0.019797593717855243, 5.4262297847540004e-5, 0.023102477814219168, -0.00421544851488709, 0.017903127364151287, -0.005119719142366822, 0.00894137610772077, 0.006928175288366295, -0.015872369778520305, -0.015277825818136396, 0.005944013741869862, 0.004702684176738003, 0.004491026534473177, 0.040155944781689004, 0.0008387146906804207, 0.013179257961154043, -6.951300495791209e-5, 0.005094772936103494, 0.029270013090670628, 0.022341201690415476, 0.003744415204553647, -0.021839553093268474, -0.02165083312236359, 0.01985418910841186, 0.01953226951908276, 0.0037038158751359013, 0.013359217566445548, 0.010567383045621636, -0.0018085884257978886, -2.4080221553234973e-5, -0.009860511082370007, -0.025085066448889522, -0.0018039758361748245, -0.011530250784881204, 0.009486071392210329, -0.005092329096227911, -6.309898270272957e-5, -0.02072264954031929, 0.019398315416252244, 0.021677639931980408, -0.0056960419546797925, 7.385828074188197e-5, 0.027328459340055816, -0.022020102243482196, 0.012006283174728533, -0.01995192279763677, -0.020650526784697604, 7.958502473678045e-5, -0.010313788602145385, -0.007901693955095244, -0.02433235511937413, -0.01852476533284747, 0.015405884928240408, 0.017086374871730627, 0.0014411820802953039, 0.010322763802028907, 0.023940251693327953, -0.017381059988811797, 0.013318907113829635, -0.01268242637651745, -0.008727040704357036]
--------
--------
# zs selected beta_hat: 93
z selected beta_hat: 
[1, 3, 4, 5, 6, 7, 8, 9, 11, 14, 15, 16, 17, 18, 19, 20, 21, 22, 23, 24, 25, 26, 28, 29, 31, 32, 33, 35, 36, 37, 38, 39, 40, 41, 42, 43, 44, 45, 46, 47, 48, 49, 50, 52, 53, 55, 56, 57, 58, 59, 60, 62, 65, 66, 68, 70, 71, 72, 74, 77, 79, 81, 82, 83, 84, 85, 86, 87, 88, 91, 92, 93, 96, 97, 98, 99, 101, 102, 103, 104, 105, 106, 108, 109, 110, 112, 113, 114, 115, 116, 117, 118, 119]
beta: 
[0.032260634024344585, 5.865715360436756e-6, 0.019064166756872385, -0.004145450793785187, 0.012034345238084653, 0.003334567540279742, 0.021445186109174008, -0.01902710102330592, 0.01228094676534377, -4.569762978053958e-7, 0.03003024936679743, 3.0014425929485123e-6, 2.5877631876056756e-6, 0.016081568251885732, -0.010908318228512931, -0.0016280688478020838, 0.009368674806878802, -0.002822297283343775, -0.09144699617389149, 0.002211831900207883, -0.0029229006294860327, -0.0293392368715429, 0.02125278735722248, 0.012477478835323215, 0.0044232353717393175, -0.002988278300183574, 7.515843107663671e-5, -0.0011862818316761543, -0.009072937072536837, -7.993375865877566e-6, 0.0411451785715626, -0.005643442755358291, 0.03681374191667294, -8.165839162048893e-6, 0.01242514720734133, 0.00819490920496999, 0.02384868964659908, -0.0041141461247127566, 0.028634638435207256, -0.015805616593769067, -0.0042414466843430235, -0.04706494118030531, -0.027407044756979648, -0.02597778092851385, 0.01255281553355595, 0.006480479666011888, -0.005900672041388284, 0.021756258252533713, -0.007057353566249238, -0.029104668674776967, -1.177772608015067e-5, 0.021023499010855904, -0.02309105356025397, -4.332326968626828e-6, 0.00831254016272741, -0.013451494946934286, 0.009170086214839106, 0.05122423400365903, -0.012958889159122917, 0.026773714054709304, 1.0432672501780867e-7, -0.0022054041492190887, -1.114257710977273e-5, -0.0005621771422239856, -0.005851243404548337, -0.001650529670700967, 8.525489310117239e-6, 0.02180382990545856, -1.4289225469149623e-7, 0.010894484078455313, -0.01308037305347587, 0.01615423265278801, -1.2418939797225769e-5, 0.023545316059345327, -2.469108365577171e-6, -9.903580593174253e-7, 0.0029703283584591204, 1.5634292604247525e-6, 0.023660915845300418, 1.2406764706899445e-5, -0.05303174347331482, 0.012595443967285385, -0.034645771818453915, -0.018490763817994527, 0.031205235478013255, 0.035925628619760466, -0.0068524219320050565, 0.004950456992939474, -0.0006984470150760843, -9.03642043588088e-6, 0.01899484239419488, -0.05145276613192997, -0.001279557806632004, -3.7595303386291993e-6, 2.438199613076877e-6, 0.04583879464091198, 0.016838311890206716, 0.01442779290114223, 0.017097308523250393, -3.978474171165333e-6, 0.017100219618062573, 0.03898481460762638, -0.014374752723580589, -0.035904410175421037, -0.0023196574653234674, 0.008342623736622189, 4.07829925868568e-6, 0.01582138648278592, 0.009295725964239544, -0.03464335417795107, 1.1864118312055211e-5, 0.01964833586393509, 0.01548306917830816, -0.03359567173362453, 0.04189721946049623, 0.028149377052026543, 0.018647477578876352, -0.015396371310849161, -0.03472026184607193, 9.597359324249903e-6]
--------
--------
# zs selected beta_hat: 114
z selected beta_hat: 
[1, 2, 3, 4, 5, 6, 7, 8, 9, 10, 11, 12, 13, 14, 15, 16, 17, 18, 19, 20, 21, 22, 23, 24, 25, 26, 27, 28, 29, 30, 31, 32, 33, 34, 35, 36, 37, 38, 39, 40, 41, 42, 43, 44, 45, 47, 48, 49, 50, 51, 52, 53, 54, 55, 56, 58, 59, 60, 61, 62, 63, 65, 66, 67, 68, 69, 70, 71, 72, 73, 74, 75, 76, 77, 78, 79, 80, 81, 82, 83, 84, 86, 87, 88, 89, 90, 91, 92, 93, 94, 96, 97, 98, 99, 100, 101, 102, 103, 104, 105, 106, 107, 108, 109, 110, 111, 112, 113, 114, 115, 117, 118, 119, 120]
beta: 
[-0.004770266333314585, 0.00929526086429366, 0.003622007802181659, 0.003153130749140662, -0.021734592553055012, -0.007947144346512685, 0.015914493315100132, 0.0035224712227501544, -0.02357344634734692, 0.003006502281601781, -0.037249768768483994, 0.023571193466028924, -0.011896271367692515, 0.0164846547858063, -0.020364462586779233, -0.002578388672523688, -0.018469181300545395, -0.002161865613678301, 0.004298784881323475, -0.011914984336586224, -0.018519383479363896, -0.031076353033477073, 0.020929164627808194, -0.013627616563945871, 0.005382032644213269, 0.006109531114627695, 0.010540172245775388, -0.010831171094213325, -0.003573628719261253, -0.00786644747892626, -0.007822343811519514, -0.016968199285857355, -0.02899834285002946, -0.007092288807451053, 0.003274712858043622, -0.005564853627753922, -0.002646341308860127, 0.004225202573178264, -0.021333539796816837, -0.007683436603598668, -0.023152485368665883, 0.004453439987916325, 0.004831050281568701, 0.0050898912228004994, -0.011935470350456412, -3.028100308548466e-5, -0.012292001772170862, 0.005456102808413291, 0.012761057875805367, -0.012884696201015032, -0.0074771051493656, 0.011007160102540778, -0.012490591829719394, 0.009929042276552771, -0.012768381023408448, -0.044024093104035086, -3.6038095242662826e-5, -0.016554902010215224, -0.02665332547445153, -0.0023409061947851787, -0.016541258580301955, 0.009281103293627182, 0.00842114213956036, 3.667088694350897e-5, 0.018320255897512166, 0.020812910086265686, 0.004717508773022159, 0.007396792984080497, 0.01034818576593696, 0.007669010781664618, 0.01508900259273421, 0.0047976279647747, -0.024953333657871557, 0.017838429357766476, 0.018373019886569215, 0.018597260413283627, -0.016045696115689446, 0.011531168225111379, 0.015117004057245316, -0.017532228006675064, -0.04868577985171134, -0.016027525882354933, -0.00261154950395132, 0.020909018484201007, 0.0001006875827472663, 0.06467722032304035, -0.03702687656190411, -0.03330134470901413, -0.006478630777334736, 0.012980492745870152, 0.007701807540911933, 0.011410470400179555, -0.02598796717142352, -0.012475679012265758, -6.100950186456644e-5, 0.003551031217313371, -0.008452313116286065, -0.006498378255894747, 0.006347495500273971, -0.0064154605191817, 0.0015008424708554003, -0.018923762935581623, -0.023025291550184606, -0.026038646886340507, 0.016942407739986922, -0.0045714707900937936, 0.005210230690137408, 0.02056381025284486, -0.009169385210032438, -0.008789454585312512, -0.019478145416173296, -0.016365087415164317, 0.016700968744465958, 0.0040007890883722265, 0.018615197788211336, 0.0003046202185608928, 0.004243827864252484, 0.01600411672500308, 0.020183699701071093, 0.012173411947573124]
--------
--------
# zs selected beta_hat: 98
z selected beta_hat: 
[1, 3, 4, 5, 6, 7, 8, 9, 11, 12, 14, 17, 18, 19, 21, 22, 23, 24, 25, 26, 27, 28, 29, 30, 31, 32, 33, 34, 35, 36, 37, 38, 39, 40, 41, 42, 43, 44, 45, 47, 48, 50, 51, 52, 54, 55, 56, 57, 58, 59, 60, 61, 62, 63, 64, 65, 66, 67, 68, 70, 71, 73, 75, 76, 79, 80, 81, 82, 83, 84, 85, 86, 87, 88, 89, 90, 91, 92, 94, 96, 98, 100, 101, 103, 104, 105, 106, 107, 108, 109, 110, 111, 112, 114, 116, 117, 118, 119]
beta: 
[0.011566691767281553, 0.0006263036247810625, -0.0498382211493368, 0.05180153728213113, 0.021990895101602386, -0.001271221374351902, 0.02334591068782674, 0.032982027006003035, -0.04123786759686777, -2.4380993298827265e-6, -0.003169801730728312, 0.003214374154061791, 7.504155897703778e-6, -0.006794372900430464, 2.3445749973641753e-6, -7.026650987965356e-5, 0.049130856606725726, -0.024309651574069346, 0.01598974818133366, -1.0372216506609592e-5, -0.0071367156002827845, -0.01522698687429758, 0.019290656138506345, -0.03453849201183572, -0.01081957484747591, -0.00956991377306893, 0.018857488553935126, 0.03803770192105395, 0.012463450812780557, 0.019547239929246438, -0.022016735551904712, 0.01595104404715594, -0.053945439843169185, -0.011316585535634895, 0.010068036476348203, 0.009995696041898972, -0.007705384556769085, 0.0034506682448009925, -0.008115298152275149, 0.0234591074025295, 0.009096369202872072, -0.014369408911836122, -0.0477676740093599, -0.007198792603134188, -0.016622877910820434, -2.601078282852374e-5, -0.017603411661962103, 0.025451054766287277, -7.15861932194196e-5, -0.044236718913209246, 0.016686901143698682, -0.01981134616330469, 1.6269873675801193e-5, 0.028544912294495906, 0.008031013573760843, -0.0031075287038055924, -0.009255177998666833, 0.01940382144840506, 0.016195539471246974, 0.014154991862695782, -0.037267549767756196, -0.02004203010109591, -0.008503107583755467, -0.004479960584982435, -0.0037887492189854124, 0.012949112194356816, 0.004561775998745825, -0.03421995835158509, 0.00043408750254514064, -0.006022023748099582, 0.034441458532796725, 8.919807083858347e-6, -0.00713429824262735, -3.521638404475217e-5, 0.017166442129265373, -0.02523456460459957, -8.250151738568835e-6, 1.3412383817052774e-5, -0.009171433292856359, 0.038045212795167815, 0.005424380886731115, 0.012065392179300874, -0.04086456027245872, -0.007069884346337627, -0.052905528613327105, -0.03430768351931863, -0.009160671723155196, -0.012539889157937426, -0.005206389116653149, -0.027143372371631863, -0.030764256035805043, -0.026927370077879927, -9.113242585555041e-6, 0.0015575341698524895, 1.870022883490875e-5, 0.007247641512099948, -2.4312178646687372e-5, -0.007617180713331871, 3.1998462456919312e-6, -0.029190458902365893, -0.04814767272613645, -1.9976699585641934e-6, -0.027397463893341023, -0.004560051915056041, 0.020349160491588414, -0.001043965582950653, -0.0598625426098299, -0.05879117487156476, 0.03677595569734347, 0.017193772713137483, 0.02435477190844208, 0.006250421533553091, 4.402538320326499e-6, -0.011792948911202205, -5.246123511412244e-6, -0.013139065067658688, 0.014978117688362741, -0.013080493791013316, -0.01351715880744875, -1.3532675265982255e-5]
--------
