--------
# zs selected beta_hat: 93
z selected beta_hat: 
[1, 3, 4, 5, 6, 7, 8, 9, 11, 14, 15, 16, 17, 18, 19, 20, 21, 22, 23, 24, 25, 26, 28, 29, 31, 32, 33, 35, 36, 37, 38, 39, 40, 41, 42, 43, 44, 45, 46, 47, 48, 49, 50, 52, 53, 55, 56, 57, 58, 59, 60, 62, 65, 66, 68, 70, 71, 72, 74, 77, 79, 81, 82, 83, 84, 85, 86, 87, 88, 91, 92, 93, 96, 97, 98, 99, 101, 102, 103, 104, 105, 106, 108, 109, 110, 112, 113, 114, 115, 116, 117, 118, 119]
beta: 
[0.032412254270368264, -6.988503615163196e-6, 0.019275466779167007, -0.004068366959588352, 0.012302007803757785, 0.003715123987495964, 0.021609904284323633, -0.018814113511870914, 0.012682708803390612, 4.742616722917186e-6, 0.03015111147756541, 1.3773144011772917e-5, -7.227577528382084e-6, 0.016400110711481772, -0.010585743033978924, -0.0014392986411853263, 0.009577904908441934, -0.0025589976777228842, -0.09114273520756062, 0.0025547709323911916, -0.0026380528242201653, -0.02916218484532215, 0.02158624859993741, 0.012718176659098373, 0.004762247192301121, -0.0026428503502738928, 7.636816494153248e-5, -0.0010289908051880471, -0.008661425046413132, -3.70858472764306e-6, 0.041367720958694384, -0.0055131629150577946, 0.037055442743152096, -9.750584567012028e-6, 0.0122841731640925, 0.00807436388814773, 0.024050195321879297, -0.0042492070814741725, 0.02881367032214599, -0.015651391545678923, -0.0040214686404650025, -0.04698440455491096, -0.02720660164142334, -0.02606831635383707, 0.012586753509398708, 0.006437274790163181, -0.0058697529442920055, 0.02152848637139629, -0.006935866960974448, -0.029084791495173398, -1.083613089410039e-5, 0.021059955131505503, -0.02314704020273313, -1.0664967110572537e-5, 0.008509237504623846, -0.013488548648905817, 0.009103018074816262, 0.051359139611253275, -0.012824160329542334, 0.026954907867530117, 4.320074087476403e-6, -0.0024553157576296804, 7.847610493932865e-6, -0.0005015800341314899, -0.005880079801339757, -0.001452570202113569, 1.3385243593312505e-5, 0.02185544100044608, 5.134317208768761e-6, 0.010874606069708201, -0.012946691215424248, 0.016153952619148773, 3.8270516135262394e-6, 0.02362761087485056, 2.572861849654105e-6, 2.9143550319423136e-6, 0.0030302491628475575, -5.5774517525324244e-6, 0.023766917047140193, 8.862412248529333e-7, -0.052869889255056535, 0.012532178263992728, -0.03482651719910662, -0.018510997900730353, 0.031180069152116296, 0.035826563547482315, -0.0069087298476184925, 0.005085424173705257, -0.0008081451661382906, 1.1555281222817244e-5, 0.01899624171813335, -0.05141160922314524, -0.0013118110234555318, -4.280075905082595e-6, -2.136992725166397e-6, 0.04575963326777439, 0.016826928806299525, 0.014399942601624723, 0.01708645530198338, -5.082160535235796e-6, 0.017062839486811827, 0.03893999917698095, -0.01436638088599764, -0.03586027034030571, -0.002317686087301399, 0.008323593825455106, -8.291011017320637e-6, 0.015789525585289527, 0.009305145202244576, -0.0346343814865304, -4.120656975205915e-9, 0.019625968975495872, 0.015448504836998278, -0.03356609361295498, 0.04184414075529947, 0.028115179655599565, 0.018642843333995317, -0.015395835304552512, -0.03470683999030903, -2.4554429464239775e-7]
--------
--------
# zs selected beta_hat: 112
z selected beta_hat: 
[1, 2, 3, 4, 5, 6, 7, 9, 10, 11, 12, 13, 14, 15, 16, 17, 18, 19, 20, 22, 23, 24, 25, 26, 27, 28, 29, 30, 31, 32, 33, 34, 35, 36, 37, 38, 39, 40, 41, 43, 44, 45, 46, 47, 48, 49, 50, 51, 52, 53, 54, 55, 57, 58, 59, 60, 61, 62, 63, 64, 65, 66, 67, 68, 69, 70, 71, 72, 73, 74, 75, 76, 77, 78, 79, 80, 81, 82, 83, 84, 85, 86, 87, 88, 89, 90, 91, 92, 93, 94, 95, 96, 97, 98, 99, 100, 101, 102, 103, 104, 105, 106, 107, 108, 110, 111, 112, 113, 114, 118, 119, 120]
beta: 
[0.0019047988840010651, 0.032968377321245766, 0.03677988445212995, -0.006207943084806495, -0.017451767766484726, -0.008231179254728101, 0.008445288896753935, 1.1908914257255677e-5, 0.01143777868539567, 0.01476943102794959, 0.007654763333019341, -0.011174652460729687, 0.018560153965262855, -0.010331783025113242, 0.009711926160828017, -0.014701807793676037, -0.006324748138698286, -0.020088082305229557, 0.012142677855866481, 0.004118539396883502, 7.676503615096092e-6, 0.005285587286406171, -0.024174829528361565, 0.007398745175556208, -0.009699698127964333, 0.012407111197166256, 0.017098383088872054, -0.01614508505663846, 0.006192682912155027, 0.02376706329064544, 0.034216567845743506, -0.008192932600974662, 0.025610693433034924, -0.014121232057383578, -0.02002990720329424, -0.014755421270067702, 0.004773469926255671, -0.010947921641097945, -0.02731943588568795, 0.02992253802180921, -0.015529713522379439, -1.1730715828813028e-5, 0.00821538774918403, 0.0040753372206377755, 0.01276517192865514, -0.006106099282996324, -0.011930066464004348, -0.008778523506650588, 0.014502631990001975, -0.030125103818148615, 0.02072086883492432, -0.005024405404030999, -0.009763464425719737, 0.006721138529982929, 0.016032751311528332, -4.3436418305090717e-7, 0.013361224195726946, 0.0024970652687075156, 0.023728235593410956, 0.015114793508771892, -0.016184700988317882, -0.015926565431971663, 0.024065219217024994, -0.01597259559367914, -0.007137409231532561, -0.004490858128665741, 0.013991342478686416, -0.007522698323076081, 0.007801454794726782, -0.003562640514283345, -0.009453584970479361, 0.004499187760738071, -0.006489516952251308, -0.037709347521303796, 0.015344757286570644, 0.004840841270443378, 0.00552299630668969, -0.024661071005175533, -0.030469214186294113, 0.003332328210358211, -0.003685554502422732, 0.008171464201996234, 0.020772939393346204, 0.0024854460398208256, -0.011034408334982834, -0.009230001258163062, 0.012686973988587823, 0.01988272744427927, -0.018191026744292557, 0.018649641674666866, -0.017741248449020783, -0.00867087184359707, -0.002276603383579866, -0.008594323016899889, -0.003916428666465607, 0.017036226092536595, -0.01983800732352949, -0.02451915515305513, -0.01342133659045434, 0.02499537814773469, -0.018475661860653754, -0.013780463592970967, -0.014492609785596529, 0.030951157851541847, 0.010046866726703352, 0.023500749905447215, 0.004953963261071892, -0.020433553008841865, -4.339403511730959e-6, 0.030054425472127073, -0.006515769569195719, 0.03169078955528538, -0.011910302741652978, -0.004470333257204919, -3.837640394093083e-6, -1.1763345085117405e-5, 7.864920471264352e-6, -0.005638306418669557, 0.004650825906832918, -0.009522542513664427]
--------
--------
# zs selected beta_hat: 112
z selected beta_hat: 
[1, 2, 3, 4, 5, 6, 7, 9, 10, 11, 12, 13, 14, 15, 16, 17, 18, 19, 20, 21, 22, 23, 24, 25, 26, 27, 28, 29, 30, 32, 33, 34, 35, 36, 37, 38, 41, 43, 44, 45, 46, 47, 48, 49, 50, 51, 52, 53, 54, 55, 56, 57, 58, 59, 60, 61, 62, 63, 64, 65, 66, 67, 68, 70, 71, 72, 73, 74, 75, 76, 77, 78, 79, 81, 82, 83, 84, 85, 86, 87, 88, 89, 90, 92, 93, 94, 95, 96, 97, 98, 99, 100, 101, 102, 103, 104, 105, 106, 107, 108, 109, 110, 111, 112, 113, 114, 115, 116, 117, 118, 119, 120]
beta: 
[0.004202833826635911, -0.01032144914715789, 0.006930693536610033, 0.03188072772124881, -0.0011559744929900409, 0.0143957391881904, -0.030808662474790968, 6.522427825512207e-8, -0.004423155135950698, 0.02591391671931618, 0.016926075212172383, -0.021155205890411404, -0.013225483710006432, -0.034560045574142974, -0.02060363666842551, 0.0017638487737817842, 0.01903438314601353, 0.0013812056068681585, -0.018258124922976234, 0.002903621358659507, -0.03775165365030128, -0.01682943548814963, -0.032925474651816895, -0.02025899005177477, 0.019488579077003024, -0.004469544243760797, 0.01009589209707387, -0.0038867789678254977, 0.021210410064641118, -0.008266190709957825, 1.6779376477131537e-7, -0.004442600537406529, 0.019416649273276406, -0.016095768090974683, -0.02171749655827718, -0.02331067105997654, 0.011539172040154708, -0.001284993526685077, -8.288316337220417e-7, -1.7926129297645093e-7, -0.0014942918796799567, -8.312425734815211e-7, -0.0057594772169341285, 0.019276170372341764, 0.0018320801327522272, -0.02263805188149493, 0.0018583362679288826, -0.009302301831529025, -0.006459842212163533, -0.010068785821003337, 0.008367981062061295, 0.0017386852515505423, 0.02716005970008907, -0.03848589601440727, -0.0013136363240253213, 0.017303398086139316, 0.018877613341872188, 0.03947381475107865, -0.011072285508991395, -0.0045696036517609605, 0.0012160701932925268, -0.0027190884217976243, 0.005481300676359195, -0.041704523203365915, -0.01810780867269899, 0.007163750153239159, -0.029876503291658373, -0.019673589882329236, 7.955157581972463e-7, 0.01494905674173574, 0.00789142347350517, 0.017186066624669268, -0.006017207572625092, 0.0030410524757874084, 0.0023421254347793198, -0.0068654806561731, -0.011441382110221608, 0.006543275153690881, 0.0011715942355588738, 7.932714958173236e-7, 0.0075543065207940765, 0.011838919502252323, 0.002747756298219333, -0.02705383118777512, -0.010258572924510118, -0.00602286214768947, 0.007354666252143863, 0.021134452594411816, -0.0068323991198296595, -0.025165060626608143, 8.035292637901157e-7, 0.024464661811380448, -0.02153556793082399, 0.004020749134744946, -0.008995680696154204, -0.002856490267074152, 0.026815510632322525, 0.020493352915772672, -0.015811650588985857, 0.011110888671082614, 0.027573326164016688, -0.0020294890546436488, -0.008448280899502827, 0.04732150865592623, 0.012072325268893663, 0.004612478927965909, 0.014968480993141317, 0.030414036813347842, 0.01467808189699161, -0.015124987869784607, 0.012607826648726214, -0.016799516037643854, 0.031192261856326696, 0.012938402616037946, -0.009088692673592474, 0.004723022314115528, 0.014910625518396269, -0.0011981113628484622, 0.02145483775993089, -0.02119345132550386]
--------
--------
# zs selected beta_hat: 97
z selected beta_hat: 
[2, 3, 4, 5, 6, 7, 8, 9, 11, 13, 15, 16, 17, 18, 19, 20, 21, 22, 23, 24, 25, 26, 27, 28, 29, 30, 31, 33, 34, 35, 36, 37, 38, 39, 40, 41, 42, 43, 44, 45, 46, 47, 48, 49, 51, 52, 55, 56, 58, 60, 61, 62, 63, 66, 67, 69, 71, 72, 73, 74, 75, 76, 77, 79, 80, 83, 84, 85, 86, 87, 88, 89, 90, 92, 93, 94, 96, 97, 98, 99, 100, 101, 105, 106, 107, 108, 109, 110, 111, 112, 113, 114, 115, 117, 118, 119, 120]
beta: 
[-3.6946575303122405e-7, 0.011867370566900943, -0.02063533926854899, -0.024847412913809337, -0.019447850799195813, 0.019017435990217258, -0.01809900588015839, -0.04323498928609487, 0.027688519288722888, -5.501448390664407e-7, 0.0015408663795699626, -3.225541839158241e-7, -0.0244833621482801, 1.2297134521177483e-6, -0.025797000987661748, 0.007788834451267936, 0.028005876207611486, 0.010239902518175642, 0.01108750482724479, 0.021379368191572625, -0.06708629417858135, 0.033487961317513186, 0.0256661474093818, 0.0230002919965965, 0.02392334403424894, -0.004165553545552527, 0.005658903229136664, 0.01749837840455778, 0.012051767244373535, -0.0098591956784473, -0.018069396295216172, -4.143205867903817e-6, -0.00574452792293889, 0.013398741115988566, 0.017280875319879183, -0.005483825883249072, -0.014479871888565338, -0.022671027864121222, 0.03352962493573504, 0.001208911397599045, 0.002652565755956577, -0.012411053659532843, 0.018019725121559412, 0.007972718665436607, -0.008069193843102201, -0.03346567340759439, -0.005078673117359508, -0.015316162743670887, 0.019211807099850455, -4.651939727834589e-6, 0.03148644914845492, -0.004410368371317924, 7.315549928874852e-7, -4.352674338445389e-7, -0.04053640955416424, -0.013168332478891674, 8.14330083069942e-7, 0.006050859357559296, -1.782148166061989e-8, -0.011664647870811867, 0.04708719580031397, -0.03125704974013219, -0.014734994179375287, -4.747939899202661e-6, -4.765434388119055e-6, 0.013428773597172275, 0.008435751656280964, 1.0314898188872343e-6, -0.004913278870981079, -6.670258037225975e-7, -0.0036359147142390074, -0.0016037751684082032, -0.011866767725949587, -0.06152084636112411, 0.02063485445624326, -0.02137731793863835, -0.014408235565679075, 1.997044156660513e-8, -0.018479825382406147, -0.017921856339999452, -1.5044876417216462e-7, 1.1753788793260587e-7, -0.003143312867758027, 0.01804493004446847, -0.011553989975796106, 0.0037587005760100836, 0.005921172349749539, 0.0011222910040716576, -0.015546224467030521, 0.013212965087169884, 2.2563141986071106e-8, -0.02714885549726305, 0.030515952315705874, -0.022934299215518816, -1.4244359167367823e-7, 0.009108481730962468, -0.00997284074176113, 0.0066335801561299085, -0.03953929392391582, 0.015373402988739987, 0.0015721733540324584, 9.461125360383945e-7, 5.335027989539316e-7, 4.951444051893868e-6, -0.0036203896237825424, 0.012532945930753115, -0.013703041093140685, -0.01174510474645613, -0.047574248319170225, -0.024811992935215136, 0.013231076026484791, 0.010770063094559405, -0.002180969475700061, -0.007304024441540618, 0.0011845767785802332, -3.2793027161385497e-7, -0.01894555698420632, 0.007996670777679835, 0.0026179178799020284, 0.002223150483007353]
--------
--------
# zs selected beta_hat: 97
z selected beta_hat: 
[2, 3, 4, 5, 6, 7, 8, 9, 11, 13, 15, 16, 17, 18, 19, 20, 21, 22, 23, 24, 25, 26, 27, 28, 29, 30, 31, 33, 34, 35, 36, 37, 38, 39, 40, 41, 42, 43, 44, 45, 46, 47, 48, 49, 51, 52, 55, 56, 58, 60, 61, 62, 63, 66, 67, 69, 71, 72, 73, 74, 75, 76, 77, 79, 80, 83, 84, 85, 86, 87, 88, 89, 90, 92, 93, 94, 96, 97, 98, 99, 100, 101, 105, 106, 107, 108, 109, 110, 111, 112, 113, 114, 115, 117, 118, 119, 120]
beta: 
[-3.6946575303122405e-7, 0.011867370566900943, -0.02063533926854899, -0.024847412913809337, -0.019447850799195813, 0.019017435990217258, -0.01809900588015839, -0.04323498928609487, 0.027688519288722888, -5.501448390664407e-7, 0.0015408663795699626, -3.225541839158241e-7, -0.0244833621482801, 1.2297134521177483e-6, -0.025797000987661748, 0.007788834451267936, 0.028005876207611486, 0.010239902518175642, 0.01108750482724479, 0.021379368191572625, -0.06708629417858135, 0.033487961317513186, 0.0256661474093818, 0.0230002919965965, 0.02392334403424894, -0.004165553545552527, 0.005658903229136664, 0.01749837840455778, 0.012051767244373535, -0.0098591956784473, -0.018069396295216172, -4.143205867903817e-6, -0.00574452792293889, 0.013398741115988566, 0.017280875319879183, -0.005483825883249072, -0.014479871888565338, -0.022671027864121222, 0.03352962493573504, 0.001208911397599045, 0.002652565755956577, -0.012411053659532843, 0.018019725121559412, 0.007972718665436607, -0.008069193843102201, -0.03346567340759439, -0.005078673117359508, -0.015316162743670887, 0.019211807099850455, -4.651939727834589e-6, 0.03148644914845492, -0.004410368371317924, 7.315549928874852e-7, -4.352674338445389e-7, -0.04053640955416424, -0.013168332478891674, 8.14330083069942e-7, 0.006050859357559296, -1.782148166061989e-8, -0.011664647870811867, 0.04708719580031397, -0.03125704974013219, -0.014734994179375287, -4.747939899202661e-6, -4.765434388119055e-6, 0.013428773597172275, 0.008435751656280964, 1.0314898188872343e-6, -0.004913278870981079, -6.670258037225975e-7, -0.0036359147142390074, -0.0016037751684082032, -0.011866767725949587, -0.06152084636112411, 0.02063485445624326, -0.02137731793863835, -0.014408235565679075, 1.997044156660513e-8, -0.018479825382406147, -0.017921856339999452, -1.5044876417216462e-7, 1.1753788793260587e-7, -0.003143312867758027, 0.01804493004446847, -0.011553989975796106, 0.0037587005760100836, 0.005921172349749539, 0.0011222910040716576, -0.015546224467030521, 0.013212965087169884, 2.2563141986071106e-8, -0.02714885549726305, 0.030515952315705874, -0.022934299215518816, -1.4244359167367823e-7, 0.009108481730962468, -0.00997284074176113, 0.0066335801561299085, -0.03953929392391582, 0.015373402988739987, 0.0015721733540324584, 9.461125360383945e-7, 5.335027989539316e-7, 4.951444051893868e-6, -0.0036203896237825424, 0.012532945930753115, -0.013703041093140685, -0.01174510474645613, -0.047574248319170225, -0.024811992935215136, 0.013231076026484791, 0.010770063094559405, -0.002180969475700061, -0.007304024441540618, 0.0011845767785802332, -3.2793027161385497e-7, -0.01894555698420632, 0.007996670777679835, 0.0026179178799020284, 0.002223150483007353]
--------
